14033
15152,6
13301
15447
13529
13123
13557
13948
14295
12943
20911
22440
19833
18710
18641
19245
18363
20241
20330
21320
33623
31587
33920
31661
34557
32564
32922
32412
33600
32262
64994
68271
63363,2
68445
69412,8
67173
66464,4
64428,8
63131,2
68939,2
87687
83181,2
80397,6
86848,2
86696,2
86941,2
88954
87355
85823
88300,8
126136
119771,8
117154,8
121391
119090,6
121263,4
123729,6
123248,2
122577,8
125083
253385,8
242223,6
239012
228000,6
240923,2
232775
241889,4
231241,8
247782,4
244016,8
298931
274479,4
288504,4
301996
284557,4
271916,6
281320,4
290985
303201
291858,8
369530,6
373424,6
374428,8
376347,2
370728,6
373023,6
375180
388273,2
379444,6
382396,2
1039963,2
1028235
1041687,4
1026456,2
1030368,4
997063,4
1043158
1036061
1015020,6
1020899
1214486
1232985
1256818,2
1228659,6
1216732,4
1218674,6
1243534
1239591,8
1220101
1236675
6560238
6681187,4
6617034
6635854,6
6593824,4
6597197,8
6578906,2
6631926
6583379
6633724
