34147385
23602097
25146451
25572349
23519174
22953115
22812572
24685413
24697990
23798512
79874242
78563002
75419702
60605188
80610926
76740663
75396156
78638107
61137543
71316753
205012737
212888768
242726823
198186250
217623097
225043891
219302200
235404200
217829658
216134371
484145515
497685265
491087937
485747564
514527933
512361080
615921251
483845426
513360843
567593799
1973906520
2886753083
3506385489
3441840594
4401363406
4477332266
4976034758
5842957801
6217755510
6387946527
29153645190
30803852015
35224096127
42940497759
44702118297
49812332191
51057866186
58967937287
60722600849
63524671195
73548013198
72659930632
78776652854
77827737572
70019440708
77353999559
82223230341
77971643144
83058453866
83884009166
269003525425
256226836306
281043572498
268776790126
292849575700
297536524975
307685595170
308741504117
321956358060





































