14423 14423 14486 14486 14352 14352 14534 14534 14601
15579 15579 15593 15674 15658 15658 15791 15791 15732
13583 13583 13978 14510 13497 13497 13860 14374 13568
15926 15926 16077 16602 15944 15944 16278 16795 15902
13741 13741 13878 14029 13864 13864 13857 14075 13959
13348 13348 14405 14405 13476 13476 13521 14328 13637
13889 13889 13960 13960 13947 13947 14097 14205 14771
14277 14277 14443 14511 14337 14337 14449 14541 14644
14468 14468 14619 15270 14683 14683 15222 15222 15424
13156 13156 13168 13956 13071 13071 13168 13704 13594
21423 21423 22174 22174 21520 21520 21870 21870 22000
23220 23220 23463 23720 23160 23160 23464 23868 23362
20290 20290 20568 20568 20465 20465 20549 20549 20170
19030 19030 19686 19686 18857 18857 19692 19697 19580
19030 19030 19795 20126 19129 19129 19795 20576 19304
19950 19950 20389 20673 20063 20063 20468 21078 20005
19359 19359 19287 20646 19349 19349 19287 20543 19407
21059 21059 21164 21570 21059 21059 21320 21411 21093
20990 20990 21537 22039 21161 21161 21513 22372 21666
22023 22023 22048 22655 22295 22295 22223 22599 22162
34519 34519 34478 34478 34249 34249 34369 34615 35409
32765 32765 33461 33537 32979 33173 32819 32819 32527
35312 35457 35586 35586 35200 35200 35180 35544 34712
32717 32717 33390 33406 32717 32717 33390 34089 32402
35367 35427 35742 35742 35367 35427 35742 36212 35766
32983 32983 33138 33138 33101 33101 32973 32973 33846
33716 33716 34170 34170 33763 33763 33939 34254 34177
33193 33193 33316 33316 33193 33193 33353 33353 33674
34442 34442 34224 34224 34442 34442 34224 34224 35219
33209 33209 32994 33661 33322 33322 33390 33661 33459
65755 65755 67437 67695 66194 66194 66623 67049 71124
69146 69146 70808 71002 68852 68852 70961 71333 75639
65379 65379 65382 65430 64942 64942 64871 64871 68710
69741 69741 69999 69999 69974 69974 70146 70146 73310
71310 71310 72504 72504 71272 71272 72203 72237 74118
68740 68771 68698 68698 68528 68528 68602 68602 72206
67558 67558 68266 68346 67863 67863 67619 67619 71762
66461 66461 66837 66837 66058 66058 67394 67441 72383
64472 64472 64373 64827 64280 64280 64065 65379 66845
70554 70554 70438 72826 69985 69985 70234 71822 77060
89703 89703 92432 92545 90131 90131 92008 92878 93198
85806 85806 85998 85998 86404 86404 86186 86186 91064
84498 84498 85454 85454 84180 84180 84522 85310 87258
90743 90743 91237 91237 89441 89441 91720 91720 93480
90215 90215 90573 90573 89190 89190 90010 90010 93725
90138 90138 90764 90764 90622 91143 91436 91436 90406
93344 93344 93514 94607 94025 94025 93807 93999 95258
90407 90407 92083 92083 90614 90614 91016 91608 92360
88675 88675 91378 91627 90733 91668 91236 91236 91558
91492 91492 93347 93347 92053 92053 93402 93402 95384
130980 130980 132067 132067 131951 132279 131822 132524 137326
123765 123765 125755 128349 123765 123765 126670 128051 128720
122519 122519 123838 124361 122794 122794 124148 124975 125428
126772 126772 126047 126047 127063 128071 126727 126727 129338
125117 125117 124260 124260 125531 125531 124403 125951 124398
125891 125891 125306 125306 125307 126792 125271 125271 126609
128353 128353 128873 129982 128277 128277 129981 130195 128934
127951 127951 128024 131451 127898 127898 129736 131103 129394
125362 125362 127257 127732 126154 126154 128371 129159 129166
129760 129760 129102 129102 129825 129825 129362 130333 133854
258171 258171 262024 262024 257616 257616 260877 260877 278994
246631 246631 251206 251206 246583 246583 249666 251719 272918
241843 241843 242987 242987 240552 240552 243494 243494 263385
232456 232456 235726 236725 232401 232401 235180 237392 249240
245779 245779 246062 246062 244937 244937 245667 245667 265233
236184 236184 236852 237991 236753 236753 238732 239881 264032
245640 245864 245607 245607 244463 244463 247937 247937 261240
235016 235016 239011 239011 234225 234298 238213 240614 254234
252648 252648 254517 254517 251504 253305 253308 254108 278983
249423 249423 250292 250292 248917 248917 250958 250958 264981
307196 307196 312001 312001 308353 308353 310377 310895 322214
281398 281398 286034 286034 282477 282477 286695 286695 294457
298060 298060 304203 304350 297699 299574 303081 303714 312990
312565 313536 315187 315187 312166 313803 315250 317811 332148
294704 294704 301278 301278 296485 296485 300879 303708 309999
281944 281944 284352 284352 278894 278894 283293 283293 295408
289422 289422 293843 296686 294166 294166 293356 296019 301568
297808 297808 299839 299839 299350 299726 299684 301434 311223
316420 316420 319819 319819 317443 317443 315154 320748 329144
306287 306287 308052 314622 305211 305211 313643 313643 319847
