14033 14423 14423 14486 14486 14352 14352 14534 14534 14273 14601
15152.6 15579 15579 15593 15674 15658 15658 15791 15791 15581 15732
13301 13583 13583 13978 14510 13497 13497 13860 14374 14171 13568
15447 15926 15926 16077 16602 15944 15944 16278 16795 16126 15902
13529 13741 13741 13878 14029 13864 13864 13857 14075 13658 13959
13123 13348 13348 14405 14405 13476 13476 13521 14328 13350 13637
13557 13889 13889 13960 13960 13947 13947 14097 14205 13870 14771
13948 14277 14277 14443 14511 14337 14337 14449 14541 14059 14644
14295 14468 14468 14619 15270 14683 14683 15222 15222 14810 15424
12943 13156 13156 13168 13956 13071 13071 13168 13704 13229 13594
20911 21423 21423 22174 22174 21520 21520 21870 21870 21478 22000
22440 23220 23220 23463 23720 23160 23160 23464 23868 23085 23362
19833 20290 20290 20568 20568 20465 20465 20549 20549 20487 20170
18710 19030 19030 19686 19686 18857 18857 19692 19697 18994 19580
18641 19030 19030 19795 20126 19129 19129 19795 20576 19094 19304
19245 19950 19950 20389 20673 20063 20063 20468 21078 19576 20005
18363 19359 19359 19287 20646 19349 19349 19287 20543 19364 19407
20241 21059 21059 21164 21570 21059 21059 21320 21411 20823 21093
20330 20990 20990 21537 22039 21161 21161 21513 22372 20632 21666
21320 22023 22023 22048 22655 22295 22295 22223 22599 21649 22162
33623 34519 34519 34478 34478 34249 34249 34369 34615 33979 35409
31587 32765 32765 33461 33537 32979 33173 32819 32819 32037 32527
33920 35312 35457 35586 35586 35200 35200 35180 35544 34539 34712
31661 32717 32717 33390 33406 32717 32717 33390 34089 31988 32402
34557 35367 35427 35742 35742 35367 35427 35742 36212 35195 35766
32564 32983 32983 33138 33138 33101 33101 32973 32973 33088 33846
32922 33716 33716 34170 34170 33763 33763 33939 34254 33487 34177
32412 33193 33193 33316 33316 33193 33193 33353 33353 33202 33674
33600 34442 34442 34224 34224 34442 34442 34224 34224 34104 35219
32262 33209 33209 32994 33661 33322 33322 33390 33661 33092 33459
64994 65755 65755 67437 67695 66194 66194 66623 67049 66642 71124
68271 69146 69146 70808 71002 68852 68852 70961 71333 70262 75639
63363.2 65379 65379 65382 65430 64942 64942 64871 64871 64578 68710
68445 69741 69741 69999 69999 69974 69974 70146 70146 69683 73310
69412.8 71310 71310 72504 72504 71272 71272 72203 72237 71446 74118
67173 68740 68771 68698 68698 68528 68528 68602 68602 68293 72206
66464.4 67558 67558 68266 68346 67863 67863 67619 67619 67595 71762
64428.8 66461 66461 66837 66837 66058 66058 67394 67441 65984 72383
63131.2 64472 64472 64373 64827 64280 64280 64065 65379 64309 66845
68939.2 70554 70554 70438 72826 69985 69985 70234 71822 70387 77060
87687 89703 89703 92432 92545 90131 90131 92008 92878 90724 93198
83181.2 85806 85806 85998 85998 86404 86404 86186 86186 85804 91064
80397.6 84498 84498 85454 85454 84180 84180 84522 85310 83519 87258
86848.2 90743 90743 91237 91237 89441 89441 91720 91720 89415 93480
86696.2 90215 90215 90573 90573 89190 89190 90010 90010 89083 93725
86941.2 90138 90138 90764 90764 90622 91143 91436 91436 89795 90406
88954 93344 93344 93514 94607 94025 94025 93807 93999 91916 95258
87355 90407 90407 92083 92083 90614 90614 91016 91608 90664 92360
85823 88675 88675 91378 91627 90733 91668 91236 91236 91062 91558
88300.8 91492 91492 93347 93347 92053 92053 93402 93402 91149 95384
126136 130980 130980 132067 132067 131951 132279 131822 132524 131597 137326
119771.8 123765 123765 125755 128349 123765 123765 126670 128051 122562 128720
117154.8 122519 122519 123838 124361 122794 122794 124148 124975 120923 125428
121391 126772 126772 126047 126047 127063 128071 126727 126727 124388 129338
119090.6 125117 125117 124260 124260 125531 125531 124403 125951 122940 124398
121263.4 125891 125891 125306 125306 125307 126792 125271 125271 124034 126609
123729.6 128353 128353 128873 129982 128277 128277 129981 130195 128279 128934
123248.2 127951 127951 128024 131451 127898 127898 129736 131103 127199 129394
122577.8 125362 125362 127257 127732 126154 126154 128371 129159 126150 129166
125083 129760 129760 129102 129102 129825 129825 129362 130333 128640 133854
253385.8 258171 258171 262024 262024 257616 257616 260877 260877 259384 278994
242223.6 246631 246631 251206 251206 246583 246583 249666 251719 247602 272918
239012 241843 241843 242987 242987 240552 240552 243494 243494 242919 263385
228000.6 232456 232456 235726 236725 232401 232401 235180 237392 232822 249240
240923.2 245779 245779 246062 246062 244937 244937 245667 245667 245638 265233
232775 236184 236184 236852 237991 236753 236753 238732 239881 236178 264032
241889.4 245640 245864 245607 245607 244463 244463 247937 247937 243016 261240
231241.8 235016 235016 239011 239011 234225 234298 238213 240614 236629 254234
247782.4 252648 252648 254517 254517 251504 253305 253308 254108 252480 278983
244016.8 249423 249423 250292 250292 248917 248917 250958 250958 247442 264981
298931 307196 307196 312001 312001 308353 308353 310377 310895 303677 322214
274479.4 281398 281398 286034 286034 282477 282477 286695 286695 283687 294457
288504.4 298060 298060 304203 304350 297699 299574 303081 303714 297803 312990
301996 312565 313536 315187 315187 312166 313803 315250 317811 310197 332148
284557.4 294704 294704 301278 301278 296485 296485 300879 303708 296015 309999
271916.6 281944 281944 284352 284352 278894 278894 283293 283293 278296 295408
281320.4 289422 289422 293843 296686 294166 294166 293356 296019 290789 301568
290985 297808 297808 299839 299839 299350 299726 299684 301434 298473 311223
303201 316420 316420 319819 319819 317443 317443 315154 320748 314906 329144
291858.8 306287 306287 308052 314622 305211 305211 313643 313643 302587 319847