0 23500358 11532975 23832099 11741288 46663070 25442968 55571534 24126194 34147385 706622 
0 22955891 11713684 25010181 12037952 46183302 26156563 51122971 25877739 23602097 1307097 
0 21356427 11337247 23391356 13699307 55861895 25962411 42599007 30508280 25146451 1323068 
0 23788914 11651984 22487543 12219246 45776122 28079209 44689743 22971878 25572349 1095836 
0 25080003 11630615 22198170 11896356 47809198 22814035 49608308 22530855 23519174 847785 
0 27297362 10617355 29835863 13202365 46847956 23353393 48174210 22914051 22953115 689904 
0 21678519 10955136 22206624 12665136 46017718 30550381 43610521 24484679 22812572 671196 
0 22579076 11043714 23510839 13927719 44760541 23064155 46143246 22526769 24685413 1076451 
0 20102508 10650972 22181081 12582326 46254723 24595040 42963946 22387799 24697990 737911 
0 20426117 11859084 23563532 10934869 47351721 22980850 42322869 20962791 23798512 741211 
0 91131274 41082034 84057453 42608929 167729899 80661762 175161240 70456713 79874242 1476576 
0 87419776 42300316 83745299 36823259 181008995 81621045 168765008 88192340 78563002 1720934 
0 75517726 52279792 74500314 41869014 169669443 84510442 170713503 87482544 75419702 2019961 
0 76047647 46606089 88332578 44187721 188682511 87419140 170318271 79995722 60605188 2095910 
0 84207655 44659496 74553263 41786193 184377261 75935185 172800392 87601214 80610926 1364260 
0 85605686 47316772 76433979 48286609 173978484 101714860 166848695 86274542 76740663 2067427 
0 93029257 47004713 86837428 34077067 175410664 97571607 171344879 93689445 75396156 3065303 
0 91541668 48483284 68148865 41849260 191866569 102167855 174726991 88462336 78638107 2053731 
0 78693303 37734586 84462203 33396657 186923316 101794449 179348708 90820626 61137543 2268710 
0 80404364 48040318 86957294 42857724 148905772 95727681 144704805 81076778 71316753 1448155 
0 386450204 166824057 320290008 205517752 662571540 328756555 587117520 303431671 205012737 3732933 
0 369612189 164207187 279297781 142730409 749549976 350447041 619271867 331258497 212888768 3916016 
0 376475860 227683900 321560541 173665572 687307568 444107398 606411628 336203726 242726823 3864425 
0 310245220 173748674 281418899 163417339 658896762 377942334 684626817 312769310 198186250 3742944 
0 357972425 164672529 265807488 151363548 718961170 385268617 617644676 354340384 217623097 5057406 
0 314600665 167676028 284663227 171326304 704487846 383511985 630521510 337436685 225043891 4495516 
0 329840375 165953858 293087353 138915638 731816780 400891902 671630123 325124588 219302200 6230979 
0 326791910 163964291 299503425 166017356 704694301 360711536 677872456 332585876 235404200 5093250 
0 352072756 177627518 304546618 151988205 700205435 351469751 622383905 347224685 217829658 5657849 
0 345462298 185066962 325795767 145096918 719176669 356312906 714547503 342018692 216134371 3895431 
0 508134751 235971381 460968138 240812090 910796846 464147603 843988168 471421328 484145515 19888060 
0 437369605 237255320 538157895 244071161 918392368 448850358 881958503 486023314 497685265 31405406 
0 441373790 240152287 491002869 254719032 956473536 432927138 850365672 429308032 491087937 18136221 
0 429840595 234719043 502672409 264231596 914520407 438109222 834797642 436094165 485747564 18650176 
0 433671227 229902440 528364810 228098649 936241568 457473112 899946928 473835199 514527933 16977735 
0 461655977 338793614 541127959 251587890 933502611 431512522 875896378 466481640 512361080 30746048 
0 468737895 227753536 550554047 276402415 917730964 460549153 1084168494 424240830 615921251 19857298 
0 470739745 287534687 485982911 242249108 877624605 441290653 896981375 431744444 483845426 18497003 
0 458111365 228722583 464715533 276920453 1000386408 456693199 906688860 432884235 513360843 15361809 
0 526256835 256703501 602239182 308676548 1126164971 465852777 974804558 443545595 567593799 51782677 
0 3002664924 1173283036 3405241461 1309308727 5892136592 3081785086 4120270390 2552398739 1973906520 45364360 
0 3348347522 1492325161 3574799256 1957646414 8888493429 3592158409 8372182412 3568700655 2886753083 30463504 
0 4846326313 1949308580 4868458382 1861725063 9097531373 4183059249 9809538298 3629894065 3506385489 65470611 
0 5748496524 1686093277 4585730048 2344511442 11409002593 4964418136 9841979809 4354009963 3441840594 74889504 
0 6199330937 3008955259 5358496092 2053845737 12782219094 6196068024 11841408843 4805032167 4401363406 98129862 
0 6367303213 2801071467 6409012375 2621210297 14694382748 6136256022 12548192787 6151532429 4477332266 100337911 
0 6499367611 3182797048 6450304367 2479388359 15248784921 6644056152 13410962196 6317947516 4976034758 68822104 
0 7233247112 3418107558 6835792178 3482212124 15758740484 7467442081 14583103025 6493497395 5842957801 113351365 
0 7632917465 3628593125 7272187807 3331833712 18853965300 7648110209 12853700078 7294194771 6217755510 122230738 
0 7777935041 3872395574 8126345423 4011134894 20318205262 8650060276 17032185363 7431629719 6387946527 230627144 
0 67816374393 21138896628 54579910782 18752552503 192690251807 68594958850 170473621835 53971205545 29153645190 356603562 
0 67744901798 22556863953 60885264317 19942256964 212389794727 72251511847 158046456663 57111165046 30803852015 370223774 
0 79272532535 27197194764 65855806788 19170635659 219583660869 76788922430 154627598770 62961278049 35224096127 276292644 
0 83366586986 27998441867 68218402396 27017480550 223309759482 83752232733 200232008150 70433278577 42940497759 364946757 
0 88935892253 32026163052 77372946999 28583287646 236217499317 92009008852 197032576673 71144820281 44702118297 293930686 
0 90348514180 35458750829 83997691300 30314169163 246247834370 99703363500 208862704237 83835932144 49812332191 110742879 
0 92172089668 39773008899 86443352030 35267726995 241555234155 103223758134 217335072345 93159608784 51057866186 690111155 
0 97423269295 42227664909 93631224481 38182078906 274235606234 104597823692 210223985767 95734874387 58967937287 435082713 
0 108641368718 46890989910 91022038197 40999802494 278566174609 105202534943 232121678604 92839835263 60722600849 650411963 
0 105859945220 46633686233 99392440964 41625282537 283836280009 106889041162 233267203716 99961585369 63524671195 644488418 
0 60917952306 29008952449 69077973900 29689454610 142204111069 62429270652 127768162933 61908557656 73548013198 1536136875 
0 65247343055 26275102293 72585208851 33267031956 149263275362 61248025164 123522837458 63794127959 72659930632 1807801767 
0 70674164124 32818426009 75412520140 36768710203 151503771329 68652755662 131554468882 64631548139 78776652854 1861570943 
0 67715170401 35191144385 72298308409 33698277728 156446152588 70646353234 140541870006 56350134147 77827737572 1916544865 
0 68176916511 33854036626 76486970635 27240760094 147961275366 72197739522 147432044071 66174040946 70019440708 2215601180 
0 75495579258 39552926509 75551169418 36095878896 147461216705 72831672351 147822637060 52881748917 77353999559 1493525016 
0 72603810680 34939091437 72492776055 39378465183 159954372528 57627330849 152001007424 73138081043 82223230341 2084038772 
0 75748970827 37058539976 75977488413 23928260555 157556100544 71378775810 147817773475 71091988680 77971643144 2443515811 
0 73055532591 31426342433 74785345875 40587960507 164462963075 68153879105 161454830868 69821493374 83058453866 2664705806 
0 72667554217 36674494020 82956333187 39334730012 169120663944 73572366450 154349104751 70096513113 83884009166 728160714 
0 387344214245 142774338728 329023591269 137696190018 1023429026751 372532556004 892071239850 326785601540 269003525425 5211740569 
0 369547255649 140307565801 365713916270 141482984302 978126095618 333847024243 870628075167 326520810970 256226836306 4083885475 
0 393000974097 149467106822 374340981523 144867646981 1006513004864 402668050071 901332561235 322524471717 281043572498 4194667999 
0 367275750681 151429971767 359613728400 146165087819 1002600704393 399096994273 889335341384 321385320047 268776790126 5385242510 
0 409601547913 147935239392 382874621533 151875653137 1019724639137 409772223766 893528441932 326134308042 292849575700 5944647920 
0 409239914610 149169186647 385819156517 151695486299 1024745534817 407878314659 906072152502 355261371349 297536524975 261925596 
0 416568651901 166339417764 398368796938 158580512670 1068297753156 410085499657 937368345796 362261112494 307685595170 5230606661 
0 424822300277 168179282802 395044371891 161027613699 1058500436577 401566253965 932647379704 375368716674 308741504117 4885712368 
0 427277574131 174840490080 395424393263 154504122066 1063673156998 426307727960 895010941055 380791364186 321956358060 5225425834 
0 421937688077 151475783116 410612828316 165040561190 1065660152015 443007677185 939943023889 389900019169 324998754875 4783347521 
0 2180562351982 1033734536291 1912906501625 905463365666 2199333808183 1897323120893 1280879157591 6721506705 
0 2161588269794 1032909062779 1945628600853 916921120249 2191831694491 1893652771791 1298169834228 10704507950 
0 2152386617161 1049611115242 1920431085823 908548381047 2195201698724 1866989917757 1301886287795 12920699489 
0 2176604678979 1051510819473 1972746452510 911681327417 2194156983071 1916710156716 1304271430675 13408708022 
0 2194137058803 1049231477378 1966909612835 920839979027 2231616834613 1931011793384 1322444484920 10567546318 
0 2208860655881 1051069960991 1962318193687 947522580532 2224357277302 1934817806179 1318455482468 15490484721 
0 2179987103866 1070687548084 1987593392961 959429098362 2234846825806 1944056219675 1340999537702 13733646408 
0 2232896333086 1083278196168 2005355222685 959148176985 2245899760503 1960128654508 1323355164423 13830573885 
0 2232966469017 1083202310397 1975072406765 956807444584 2240991021679 1970292661024 1338270821641 13360249468 
0 2223711056881 1069928342251 1977828330037 956208949573 2256763248169 1925234597764 1335100192859 14446612060 
0 2275422866960 2199115772865 64282556039 
0 2308818767585 2199013222938 62834765873 
0 2325082787297 2153112875310 61141076118 
0 2287686668540 2183866367953 66148955867 
0 2323537852753 2188497127076 68276201652 
0 2299576241771 2178792616303 67570152743 
0 2331395370710 2208166115753 66186261890 
0 2295062321288 2202263067192 68229180305 
0 2319819710605 2223952334006 70436880320 
0 2346163090120 2224181850264 68611335868 
0 158922262478 
0 160656420410 
0 168009079786 
0 171717299413 
0 176069892834 
0 175087946699 
0 178198087216 
0 174505344418 
0 177448389851 
0 179282055239 
0 2793485120671 
0 2781427974812 
0 2787001259624 
0 2788421012139 
0 2786196160614 
0 2782176114294 
0 2781921950212 
0 2775250655218 
0 2772313096583 
0 2789908943383 
